[gd_scene load_steps=7 format=3 uid="uid://cn8aukk07oyhb"]

[ext_resource type="PackedScene" uid="uid://1wjrbjcnbgko" path="res://units/abstractmecha.tscn" id="1_ef823"]
[ext_resource type="Script" path="res://units/player.gd" id="2_h10lg"]
[ext_resource type="Material" uid="uid://c325nr17yckh7" path="res://assets/brigand.tres" id="3_41uu4"]
[ext_resource type="PackedScene" uid="uid://d1uk6jn2csrrf" path="res://units/guns/rifle.tscn" id="5_cnrfd"]
[ext_resource type="PackedScene" uid="uid://cwf0yusjxirk6" path="res://units/guns/shotgun.tscn" id="5_igan2"]
[ext_resource type="PackedScene" uid="uid://djh2i44nypisc" path="res://units/hud.tscn" id="6_c4622"]

[node name="Brigand" instance=ExtResource("1_ef823")]
script = ExtResource("2_h10lg")
MAX_HEALTH = 10
MAX_SHIELD = 10
show_body = false

[node name="Skeleton3D" parent="Root" index="0"]
bones/0/position = Vector3(-0.000466762, -0.0477834, 1.30552)
bones/0/rotation = Quaternion(0.623398, -0.222959, -0.20481, 0.720914)
bones/2/rotation = Quaternion(0.266208, 0.0379533, -0.0165541, 0.963026)
bones/3/rotation = Quaternion(0.245701, 0.0492229, -0.00707704, 0.968069)
bones/4/rotation = Quaternion(0.0179354, 0.0220992, 0.00397619, 0.999587)
bones/5/rotation = Quaternion(-0.283002, 0.0913435, 0.00832334, 0.954723)
bones/9/rotation = Quaternion(-0.320379, -0.27161, 0.716764, -0.556628)
bones/10/rotation = Quaternion(0.345082, -0.203862, 0.621077, 0.673514)
bones/11/rotation = Quaternion(-0.18178, 0.0258441, 0.50107, 0.845705)
bones/12/rotation = Quaternion(-0.0659812, -0.902417, -0.284234, 0.31702)
bones/13/rotation = Quaternion(0.00522823, 0.777154, 0.287416, 0.559818)
bones/14/rotation = Quaternion(0.0539659, 0.156963, 0.0358085, 0.985479)
bones/15/rotation = Quaternion(-0.0821124, 0.012956, -0.0437433, 0.995578)
bones/19/rotation = Quaternion(0.329981, -0.0296016, -0.0175565, 0.94336)
bones/20/rotation = Quaternion(0.496538, 1.30383e-06, -0.074364, 0.864824)
bones/21/rotation = Quaternion(0.207786, -0.00122829, -0.0313893, 0.97767)
bones/25/rotation = Quaternion(0.455012, -0.0326644, -0.0353112, 0.889185)
bones/26/rotation = Quaternion(0.532948, 4.95797e-06, -0.0823993, 0.842126)
bones/27/rotation = Quaternion(0.153896, -2.21572e-05, -0.0238127, 0.9878)
bones/31/rotation = Quaternion(0.520146, -0.0428888, -0.0386205, 0.852125)
bones/32/rotation = Quaternion(0.581119, -2.05401e-06, -0.0965047, 0.808077)
bones/33/rotation = Quaternion(0.220785, -4.34487e-05, -0.0366715, 0.974633)
bones/37/rotation = Quaternion(0.605404, -0.0832971, 0.0016429, 0.791546)
bones/38/rotation = Quaternion(0.524376, 3.58972e-07, -0.0872512, 0.847005)
bones/39/rotation = Quaternion(0.120488, -7.73799e-05, -0.0200464, 0.992512)
bones/43/rotation = Quaternion(0.154455, -0.470862, 0.71224, 0.497139)
bones/44/rotation = Quaternion(0.103464, -0.112487, -0.731534, 0.664455)
bones/45/rotation = Quaternion(-0.52632, -0.00724544, -0.544444, 0.653082)
bones/46/position = Vector3(-6.10352e-08, 0.426848, 3.81478e-08)
bones/46/rotation = Quaternion(-0.0558945, 0.694474, 0.310591, 0.646618)
bones/47/rotation = Quaternion(0.0600484, -0.750273, -0.397985, 0.524492)
bones/48/rotation = Quaternion(0.236677, -0.18618, 0.0235437, 0.953293)
bones/49/rotation = Quaternion(0.480152, -0.0174147, 0.100454, 0.871241)
bones/53/rotation = Quaternion(0.124327, 0.0231171, -0.0345143, 0.991371)
bones/54/position = Vector3(-1.64032e-07, 0.0605427, 2.74656e-07)
bones/54/rotation = Quaternion(0.28165, 8.11115e-08, 0.0356037, 0.958856)
bones/55/rotation = Quaternion(0.255461, 0.00160248, 0.0327245, 0.966264)
bones/59/rotation = Quaternion(0.443734, 0.00659391, 0.0604401, 0.894094)
bones/60/position = Vector3(-1.50681e-07, 0.0651247, 2.44152e-07)
bones/60/rotation = Quaternion(0.815561, -2.7116e-07, 0.102801, 0.569466)
bones/61/position = Vector3(8.58307e-09, 0.0645847, -3.05172e-08)
bones/61/rotation = Quaternion(0.162454, 3.24584e-05, 0.0204828, 0.986504)
bones/65/rotation = Quaternion(0.491656, 0.0447878, 0.000741156, 0.869637)
bones/66/rotation = Quaternion(0.75757, -1.2607e-05, 0.100197, 0.645018)
bones/67/rotation = Quaternion(0.422692, 3.71741e-05, 0.0559131, 0.904547)
bones/71/rotation = Quaternion(0.548381, 0.050407, 0.00251973, 0.834704)
bones/72/rotation = Quaternion(0.654685, 2.25006e-07, 0.0854837, 0.751052)
bones/73/rotation = Quaternion(0.494816, 1.78211e-05, 0.0646338, 0.866591)
bones/77/rotation = Quaternion(0.408142, 0.18665, 0.880937, -0.150109)
bones/78/rotation = Quaternion(-0.480254, 0.0455962, -0.0528305, 0.874349)
bones/79/rotation = Quaternion(0.815495, -0.0452232, -0.0240079, 0.576495)
bones/80/rotation = Quaternion(-0.0564786, -0.000104718, -0.0197355, 0.998209)
bones/84/rotation = Quaternion(-0.0521953, 0.063941, 0.992472, 0.0904787)
bones/85/rotation = Quaternion(-0.51901, 0.0352969, -0.0600556, 0.851925)
bones/86/rotation = Quaternion(0.870739, 0.209297, 0.0579345, 0.441193)
bones/87/rotation = Quaternion(-0.1034, -0.00171457, -0.00525677, 0.994625)

[node name="Head" parent="Root/Skeleton3D" index="0"]
surface_material_override/0 = ExtResource("3_41uu4")

[node name="Arms" parent="Root/Skeleton3D" index="1"]
surface_material_override/1 = ExtResource("3_41uu4")

[node name="Legs" parent="Root/Skeleton3D" index="2"]
surface_material_override/0 = ExtResource("3_41uu4")

[node name="Torso" parent="Root/Skeleton3D" index="3"]
surface_material_override/0 = ExtResource("3_41uu4")

[node name="TorsoBone" parent="Root/Skeleton3D" index="4"]
transform = Transform3D(0.816684, 0.0680955, -0.573053, -0.573285, 0.209497, -0.792121, 0.066113, 0.975435, 0.210131, 0.00473157, -0.0139639, 1.53456)

[node name="Torso" parent="Root/Skeleton3D/TorsoBone" index="0" groups=["player"]]

[node name="ArmUpperLeft" parent="Root/Skeleton3D" index="5"]
transform = Transform3D(0.689241, -0.262232, -0.675413, 0.05465, -0.910733, 0.409365, -0.722469, -0.319062, -0.613382, 0.269778, -0.197929, 1.84544)

[node name="LeftArm" parent="Root/Skeleton3D/ArmUpperLeft" index="0" groups=["player"]]

[node name="ArmUpperRight" parent="Root/Skeleton3D" index="6"]
transform = Transform3D(0.692653, -0.700604, 0.17142, -0.677179, -0.549856, 0.488966, -0.248315, -0.454766, -0.855294, -0.287992, 0.127608, 1.91831)

[node name="RightArm" parent="Root/Skeleton3D/ArmUpperRight" index="0" groups=["player"]]

[node name="ArmLowerLeft" parent="Root/Skeleton3D" index="7"]
transform = Transform3D(0.275004, -0.51367, -0.812722, -0.828636, -0.55532, 0.0705931, -0.487582, 0.654037, -0.57836, 0.166558, -0.556412, 1.71985)

[node name="LeftArmLow" parent="Root/Skeleton3D/ArmLowerLeft" index="0" groups=["player"]]

[node name="ArmLowerRight" parent="Root/Skeleton3D" index="8"]
transform = Transform3D(0.874692, 0.484252, -0.0203268, 0.396032, -0.738262, -0.546011, -0.279414, 0.469542, -0.837531, -0.563764, -0.0888268, 1.7393)

[node name="RightArmLow" parent="Root/Skeleton3D/ArmLowerRight" index="0" groups=["player"]]

[node name="LegUpperLeft" parent="Root/Skeleton3D" index="9"]
transform = Transform3D(-0.956849, 0.206081, 0.204866, -0.285034, -0.528493, -0.799656, -0.0565232, -0.823544, 0.564428, 0.174152, -0.148134, 1.45444)

[node name="LeftLeg" parent="Root/Skeleton3D/LegUpperLeft" index="0" groups=["player"]]

[node name="LegUpperRight" parent="Root/Skeleton3D" index="10"]
transform = Transform3D(-0.729433, -0.236777, -0.641767, 0.677791, -0.123523, -0.724805, 0.0923441, -0.96368, 0.250587, -0.168502, 0.0923979, 1.4267)

[node name="RightLeg" parent="Root/Skeleton3D/LegUpperRight" index="0" groups=["player"]]

[node name="LegLowerLeft" parent="Root/Skeleton3D" index="11"]
transform = Transform3D(-0.981532, -0.109662, 0.156742, -0.187106, 0.379815, -0.905943, 0.0398151, -0.918539, -0.393319, 0.34581, -0.588352, 0.768449)

[node name="LeftLegLow" parent="Root/Skeleton3D/LegLowerLeft" index="0" groups=["player"]]

[node name="LegLowerRight" parent="Root/Skeleton3D" index="12"]
transform = Transform3D(-0.690861, 0.414823, -0.592143, 0.686785, 0.632465, -0.35821, 0.225916, -0.654148, -0.72184, -0.36573, -0.0104926, 0.623982)

[node name="RightLegLow" parent="Root/Skeleton3D/LegLowerRight" index="0" groups=["player"]]

[node name="HeadBone" parent="Root/Skeleton3D" index="13"]
transform = Transform3D(0.939244, -0.274707, -0.205808, -0.259859, -0.177325, -0.949226, 0.224264, 0.945036, -0.237936, -0.0971948, -0.167222, 1.96771)

[node name="BoostTimer" type="Timer" parent="." index="5"]
one_shot = true

[node name="Head" type="Node3D" parent="." index="6"]
transform = Transform3D(1, 0, 0, 0, 1, 0, 0, 0, 1, 0, 2.047, 0)

[node name="Camera3D" type="Camera3D" parent="Head" index="0"]

[node name="Rifle" parent="Head/Camera3D" index="0" instance=ExtResource("5_cnrfd")]

[node name="Shotgun" parent="Head/Camera3D" index="1" instance=ExtResource("5_igan2")]
visible = false

[node name="HUD" parent="." index="7" instance=ExtResource("6_c4622")]

[connection signal="timeout" from="BoostTimer" to="." method="_on_boost_timer_timeout"]
[connection signal="reticle_feedback" from="Head/Camera3D/Rifle" to="HUD" method="_on_reticle_feedback"]
[connection signal="reticle_feedback" from="Head/Camera3D/Shotgun" to="HUD" method="_on_reticle_feedback"]
