[gd_scene load_steps=5 format=3 uid="uid://cn8aukk07oyhb"]

[ext_resource type="PackedScene" uid="uid://1wjrbjcnbgko" path="res://units/abstractmecha.tscn" id="1_ef823"]
[ext_resource type="Script" path="res://units/player.gd" id="2_h10lg"]
[ext_resource type="Material" uid="uid://c325nr17yckh7" path="res://assets/brigand.tres" id="3_77odv"]
[ext_resource type="PackedScene" uid="uid://djh2i44nypisc" path="res://units/hud.tscn" id="6_c4622"]

[node name="Mecha" instance=ExtResource("1_ef823")]
script = ExtResource("2_h10lg")
show_body = false

[node name="Skeleton3D" parent="Root" index="0"]
bones/0/position = Vector3(0.0456917, -0.0278293, 1.36252)
bones/0/rotation = Quaternion(0.697688, -0.0419103, 0.0383832, 0.714144)
bones/2/rotation = Quaternion(0.14914, 0.0472425, -0.0394855, 0.986897)
bones/4/rotation = Quaternion(0.0303958, 0.0119321, 0.0242661, 0.999172)
bones/5/rotation = Quaternion(-0.197661, -0.208095, 0.0621825, 0.955908)
bones/9/rotation = Quaternion(-0.588782, -0.449591, 0.472959, -0.476984)
bones/10/rotation = Quaternion(0.162901, 0.0434557, 0.450685, 0.876617)
bones/11/rotation = Quaternion(-0.210169, 0.024039, 0.579451, 0.787076)
bones/12/rotation = Quaternion(-0.0355326, -0.947174, -0.0988556, 0.30303)
bones/44/rotation = Quaternion(0.251821, -0.180047, -0.329905, 0.891814)
bones/45/rotation = Quaternion(-0.522646, -0.00730877, -0.540644, 0.65916)
bones/46/rotation = Quaternion(0.256885, 0.63995, 0.0365021, 0.723286)
bones/77/rotation = Quaternion(0.128704, 0.208691, 0.969217, -0.022398)
bones/78/rotation = Quaternion(-0.385961, -0.0148518, -0.0251018, 0.922054)
bones/79/rotation = Quaternion(0.786635, -0.063695, -0.0590292, 0.611281)
bones/80/rotation = Quaternion(-0.055564, -0.000102685, -0.0198561, 0.998258)
bones/84/rotation = Quaternion(-0.224989, 0.0814371, 0.963888, 0.116913)
bones/85/rotation = Quaternion(-0.435922, 0.104673, -0.0874584, 0.889588)
bones/86/rotation = Quaternion(0.851113, 0.124373, 0.116299, 0.496601)
bones/87/rotation = Quaternion(-0.0840161, 0.00248144, -0.00407814, 0.996453)

[node name="Head" parent="Root/Skeleton3D" index="0"]
surface_material_override/0 = ExtResource("3_77odv")

[node name="Arms" parent="Root/Skeleton3D" index="1"]
surface_material_override/1 = ExtResource("3_77odv")

[node name="Legs" parent="Root/Skeleton3D" index="2"]
surface_material_override/0 = ExtResource("3_77odv")

[node name="Torso" parent="Root/Skeleton3D" index="3"]
surface_material_override/0 = ExtResource("3_77odv")

[node name="TorsoBone" parent="Root/Skeleton3D" index="4"]
transform = Transform3D(0.964981, -0.262077, 0.0112883, -0.0203453, -0.117676, -0.992844, 0.26153, 0.957845, -0.118888, 0.0194663, -0.0203239, 1.59249)

[node name="ArmUpperLeft" parent="Root/Skeleton3D" index="5"]
transform = Transform3D(0.704682, 0.590641, -0.393148, 0.630314, -0.266714, 0.729087, 0.325771, -0.761581, -0.560238, 0.298636, -0.110386, 1.92761)

[node name="ArmUpperRight" parent="Root/Skeleton3D" index="6"]
transform = Transform3D(0.923694, -0.377291, 0.0666424, -0.164298, -0.232934, 0.958513, -0.346115, -0.896322, -0.277148, -0.345207, -0.285002, 1.83334)

[node name="ArmLowerLeft" parent="Root/Skeleton3D" index="7"]
transform = Transform3D(0.874071, -0.388944, -0.291071, -0.239443, -0.86625, 0.438495, -0.42269, -0.313581, -0.850294, 0.531124, -0.21537, 1.62783)

[node name="ArmLowerRight" parent="Root/Skeleton3D" index="8"]
transform = Transform3D(0.687944, 0.669412, 0.280394, 0.64693, -0.740719, 0.181157, 0.328962, 0.0567698, -0.942635, -0.493717, -0.37669, 1.48053)

[node name="LegUpperLeft" parent="Root/Skeleton3D" index="9"]
transform = Transform3D(-0.962426, 0.197316, 0.186553, -0.254984, -0.420455, -0.870747, -0.093375, -0.885598, 0.454969, 0.238856, -0.0240618, 1.52193)

[node name="LegUpperRight" parent="Root/Skeleton3D" index="10"]
transform = Transform3D(-0.884325, -0.15229, -0.441335, 0.460269, -0.125957, -0.878799, 0.0782428, -0.980277, 0.181481, -0.178001, -0.0225267, 1.47434)

[node name="LegLowerLeft" parent="Root/Skeleton3D" index="11"]
transform = Transform3D(-0.958936, -0.0499451, 0.279189, -0.280628, 0.309724, -0.908471, -0.0410977, -0.949514, -0.311021, 0.403214, -0.374288, 0.784254)

[node name="LegLowerRight" parent="Root/Skeleton3D" index="12"]
transform = Transform3D(-0.765285, 0.201389, -0.611376, 0.570887, 0.651127, -0.500121, 0.297365, -0.731762, -0.613269, -0.304854, -0.127445, 0.657803)

[node name="AnimationTree" parent="." index="2"]
parameters/conditions/grounded = false

[node name="BoostTimer" type="Timer" parent="." index="5"]
one_shot = true

[node name="Head" type="Node3D" parent="." index="6"]
transform = Transform3D(1, 0, 0, 0, 1, 0, 0, 0, 1, 0, 2.07046, 0)

[node name="Camera3D" type="Camera3D" parent="Head" index="0"]

[node name="HUD" parent="." index="7" instance=ExtResource("6_c4622")]

[connection signal="timeout" from="BoostTimer" to="." method="_on_boost_timer_timeout"]
