[gd_scene load_steps=5 format=3 uid="uid://bpjbdr2lgjjxn"]

[ext_resource type="PackedScene" uid="uid://1wjrbjcnbgko" path="res://units/abstractmecha.tscn" id="1_fpeer"]
[ext_resource type="Material" uid="uid://ll3vsh2s78o1" path="res://assets/minarmhead.tres" id="2_5jo3r"]
[ext_resource type="Material" uid="uid://dqkkifx4t5wgm" path="res://assets/minarm.tres" id="2_l1lv5"]
[ext_resource type="Script" path="res://units/min_arm_24t.gd" id="2_ven0e"]

[node name="MinArm24t" instance=ExtResource("1_fpeer")]
script = ExtResource("2_ven0e")
player_path = NodePath("")

[node name="Skeleton3D" parent="Root" index="0"]
bones/0/position = Vector3(0.00144189, -0.0475881, 1.30131)
bones/0/rotation = Quaternion(0.622881, -0.222553, -0.205169, 0.721384)
bones/2/rotation = Quaternion(0.274365, 0.037531, -0.0156847, 0.960765)
bones/3/rotation = Quaternion(0.250084, 0.0492191, -0.00630888, 0.966952)
bones/4/rotation = Quaternion(0.0164444, 0.0219346, 0.00367459, 0.999617)
bones/5/rotation = Quaternion(-0.284215, 0.0914538, 0.00831984, 0.954353)
bones/9/rotation = Quaternion(-0.322589, -0.270206, 0.714932, -0.558388)
bones/10/rotation = Quaternion(0.339371, -0.223034, 0.622174, 0.669315)
bones/11/rotation = Quaternion(-0.183186, 0.0257718, 0.504995, 0.843065)
bones/12/rotation = Quaternion(-0.0684446, -0.90062, -0.28865, 0.317618)
bones/13/rotation = Quaternion(0.00498762, 0.77686, 0.288037, 0.559909)
bones/14/rotation = Quaternion(0.0538291, 0.157031, 0.0358956, 0.985472)
bones/19/rotation = Quaternion(0.329689, -0.0296068, -0.0174891, 0.943463)
bones/25/rotation = Quaternion(0.454646, -0.0327451, -0.0351382, 0.889376)
bones/26/rotation = Quaternion(0.532249, -7.98081e-06, -0.0823103, 0.842577)
bones/31/rotation = Quaternion(0.520149, -0.0429162, -0.0385762, 0.852124)
bones/37/rotation = Quaternion(0.605272, -0.0833364, 0.00153197, 0.791643)
bones/39/rotation = Quaternion(0.121167, -7.69625e-05, -0.0201594, 0.992427)
bones/44/rotation = Quaternion(0.0997935, -0.0971964, -0.733898, 0.664822)
bones/46/rotation = Quaternion(-0.0521767, 0.690846, 0.3083, 0.65189)
bones/47/rotation = Quaternion(0.0612904, -0.75023, -0.397047, 0.525121)
bones/48/rotation = Quaternion(0.237603, -0.184804, 0.0239191, 0.953321)
bones/49/rotation = Quaternion(0.480108, -0.0174213, 0.0994252, 0.871382)
bones/53/rotation = Quaternion(0.124324, 0.0231003, -0.0345018, 0.991373)
bones/59/rotation = Quaternion(0.445012, 0.00667367, 0.0603593, 0.893463)
bones/77/rotation = Quaternion(0.407167, 0.188795, 0.88083, -0.1507)
bones/78/rotation = Quaternion(-0.486527, 0.0397365, -0.0488367, 0.871394)
bones/79/rotation = Quaternion(0.817557, -0.0418468, -0.0287636, 0.573604)
bones/84/rotation = Quaternion(-0.0524554, 0.0651494, 0.992438, 0.0898368)
bones/85/rotation = Quaternion(-0.52382, 0.0300698, -0.0621404, 0.849027)
bones/86/rotation = Quaternion(0.871469, 0.214066, 0.0564975, 0.437636)
bones/87/rotation = Quaternion(-0.103358, -0.00170554, -0.00525424, 0.994629)

[node name="Head" parent="Root/Skeleton3D" index="0"]
surface_material_override/0 = ExtResource("2_5jo3r")

[node name="Arms" parent="Root/Skeleton3D" index="1"]
surface_material_override/1 = ExtResource("2_l1lv5")

[node name="Legs" parent="Root/Skeleton3D" index="2"]
surface_material_override/0 = ExtResource("2_l1lv5")

[node name="Torso" parent="Root/Skeleton3D" index="3"]
surface_material_override/0 = ExtResource("2_l1lv5")

[node name="TorsoBone" parent="Root/Skeleton3D" index="4"]
transform = Transform3D(0.816751, 0.0695248, -0.572786, -0.573261, 0.210473, -0.79188, 0.0655005, 0.975124, 0.211759, 0.00697508, -0.0135389, 1.53032)

[node name="ArmUpperLeft" parent="Root/Skeleton3D" index="5"]
transform = Transform3D(0.679016, -0.260797, -0.686238, 0.0535949, -0.914667, 0.400639, -0.732165, -0.308819, -0.607096, 0.269874, -0.201509, 1.84032)

[node name="ArmUpperRight" parent="Root/Skeleton3D" index="6"]
transform = Transform3D(0.696832, -0.695617, 0.174766, -0.676999, -0.557451, 0.480542, -0.23685, -0.453173, -0.859381, -0.288353, 0.124426, 1.91232)

[node name="ArmLowerLeft" parent="Root/Skeleton3D" index="7"]
transform = Transform3D(0.268972, -0.500761, -0.822735, -0.835537, -0.546225, 0.0593049, -0.479096, 0.671474, -0.565323, 0.16722, -0.561541, 1.71877)

[node name="ArmLowerRight" parent="Root/Skeleton3D" index="8"]
transform = Transform3D(0.874833, 0.484249, -0.0130118, 0.396541, -0.731293, -0.554947, -0.278248, 0.480327, -0.831784, -0.562162, -0.0949983, 1.73394)

[node name="LegUpperLeft" parent="Root/Skeleton3D" index="9"]
transform = Transform3D(-0.957405, 0.204799, 0.203552, -0.283526, -0.533293, -0.797002, -0.0546722, -0.820765, 0.568643, 0.176272, -0.147798, 1.45008)

[node name="LegUpperRight" parent="Root/Skeleton3D" index="10"]
transform = Transform3D(-0.729062, -0.23866, -0.64149, 0.678344, -0.127058, -0.723675, 0.0912061, -0.962755, 0.254527, -0.16641, 0.0927235, 1.4226)

[node name="LegLowerLeft" parent="Root/Skeleton3D" index="11"]
transform = Transform3D(-0.979587, -0.110986, 0.167602, -0.197948, 0.387434, -0.900395, 0.0349963, -0.915192, -0.401495, 0.346863, -0.592014, 0.766407)

[node name="LegLowerRight" parent="Root/Skeleton3D" index="12"]
transform = Transform3D(-0.698419, 0.413179, -0.584376, 0.679127, 0.640253, -0.358975, 0.225827, -0.64758, -0.727765, -0.365207, -0.0131119, 0.620652)

[node name="HeadBone" parent="Root/Skeleton3D" index="13"]
transform = Transform3D(0.936322, -0.286112, -0.203568, -0.263947, -0.191128, -0.945411, 0.231586, 0.938941, -0.254476, -0.0983229, -0.171353, 1.95877)

[node name="NavigationAgent3D" type="NavigationAgent3D" parent="." index="5"]

[node name="RightRayCast" type="RayCast3D" parent="." index="9"]
transform = Transform3D(1, 0, 0, 0, 1, 0, 0, 0, 1, 1, 0.2, 0)
target_position = Vector3(0.846, 0, 0)
collide_with_areas = true

[node name="LeftRayCast" type="RayCast3D" parent="." index="10"]
transform = Transform3D(1, 0, 0, 0, 1, 0, 0, 0, 1, -1, 0.2, 0)
target_position = Vector3(-0.846, 0, 0)
collide_with_areas = true
